125
1 2 0
2.25 2 0
3.5 2 0
4.75 2 0
6 2 0
1 3.25 0
2.25 3.25 0
3.5 3.25 0
4.75 3.25 0
6 3.25 0
1 4.5 0
2.25 4.5 0
3.5 4.5 0
4.75 4.5 0
6 4.5 0
1 5.75 0
2.25 5.75 0
3.5 5.75 0
4.75 5.75 0
6 5.75 0
1 7 0
2.25 7 0
3.5 7 0
4.75 7 0
6 7 0
1 2 1.25
2.25 2 1.25
3.5 2 1.25
4.75 2 1.25
6 2 1.25
1 3.25 1.25
2.25 3.25 1.25
3.5 3.25 1.25
4.75 3.25 1.25
6 3.25 1.25
1 4.5 1.25
2.25 4.5 1.25
3.5 4.5 1.25
4.75 4.5 1.25
6 4.5 1.25
1 5.75 1.25
2.25 5.75 1.25
3.5 5.75 1.25
4.75 5.75 1.25
6 5.75 1.25
1 7 1.25
2.25 7 1.25
3.5 7 1.25
4.75 7 1.25
6 7 1.25
1 2 2.5
2.25 2 2.5
3.5 2 2.5
4.75 2 2.5
6 2 2.5
1 3.25 2.5
2.25 3.25 2.5
3.5 3.25 2.5
4.75 3.25 2.5
6 3.25 2.5
1 4.5 2.5
2.25 4.5 2.5
3.5 4.5 2.5
4.75 4.5 2.5
6 4.5 2.5
1 5.75 2.5
2.25 5.75 2.5
3.5 5.75 2.5
4.75 5.75 2.5
6 5.75 2.5
1 7 2.5
2.25 7 2.5
3.5 7 2.5
4.75 7 2.5
6 7 2.5
1 2 3.75
2.25 2 3.75
3.5 2 3.75
4.75 2 3.75
6 2 3.75
1 3.25 3.75
2.25 3.25 3.75
3.5 3.25 3.75
4.75 3.25 3.75
6 3.25 3.75
1 4.5 3.75
2.25 4.5 3.75
3.5 4.5 3.75
4.75 4.5 3.75
6 4.5 3.75
1 5.75 3.75
2.25 5.75 3.75
3.5 5.75 3.75
4.75 5.75 3.75
6 5.75 3.75
1 7 3.75
2.25 7 3.75
3.5 7 3.75
4.75 7 3.75
6 7 3.75
1 2 5
2.25 2 5
3.5 2 5
4.75 2 5
6 2 5
1 3.25 5
2.25 3.25 5
3.5 3.25 5
4.75 3.25 5
6 3.25 5
1 4.5 5
2.25 4.5 5
3.5 4.5 5
4.75 4.5 5
6 4.5 5
1 5.75 5
2.25 5.75 5
3.5 5.75 5
4.75 5.75 5
6 5.75 5
1 7 5
2.25 7 5
3.5 7 5
4.75 7 5
6 7 5
